1.000000000000000000e+00 0.000000000000000000e+00 0.000000000000000000e+00 0.000000000000000000e+00 0.000000000000000000e+00 0.000000000000000000e+00 0.000000000000000000e+00
1.000000000000000000e+00 0.000000000000000000e+00 0.000000000000000000e+00 0.000000000000000000e+00 0.000000000000000000e+00 0.000000000000000000e+00 0.000000000000000000e+00
1.000000000000000000e+00 0.000000000000000000e+00 0.000000000000000000e+00 0.000000000000000000e+00 0.000000000000000000e+00 0.000000000000000000e+00 0.000000000000000000e+00
1.000000000000000000e+00 0.000000000000000000e+00 0.000000000000000000e+00 0.000000000000000000e+00 0.000000000000000000e+00 0.000000000000000000e+00 0.000000000000000000e+00
1.000000000000000000e+00 0.000000000000000000e+00 0.000000000000000000e+00 0.000000000000000000e+00 0.000000000000000000e+00 0.000000000000000000e+00 0.000000000000000000e+00
1.000000000000000000e+00 0.000000000000000000e+00 0.000000000000000000e+00 0.000000000000000000e+00 0.000000000000000000e+00 0.000000000000000000e+00 0.000000000000000000e+00
1.000000000000000000e+00 0.000000000000000000e+00 0.000000000000000000e+00 0.000000000000000000e+00 0.000000000000000000e+00 0.000000000000000000e+00 0.000000000000000000e+00
1.000000000000000000e+00 0.000000000000000000e+00 0.000000000000000000e+00 0.000000000000000000e+00 0.000000000000000000e+00 0.000000000000000000e+00 0.000000000000000000e+00
1.000000000000000000e+00 0.000000000000000000e+00 0.000000000000000000e+00 0.000000000000000000e+00 0.000000000000000000e+00 0.000000000000000000e+00 0.000000000000000000e+00
1.000000000000000000e+00 0.000000000000000000e+00 0.000000000000000000e+00 0.000000000000000000e+00 0.000000000000000000e+00 0.000000000000000000e+00 0.000000000000000000e+00
1.000000000000000000e+00 0.000000000000000000e+00 0.000000000000000000e+00 0.000000000000000000e+00 0.000000000000000000e+00 0.000000000000000000e+00 0.000000000000000000e+00
1.000000000000000000e+00 0.000000000000000000e+00 0.000000000000000000e+00 0.000000000000000000e+00 0.000000000000000000e+00 0.000000000000000000e+00 0.000000000000000000e+00
1.000000000000000000e+00 0.000000000000000000e+00 0.000000000000000000e+00 0.000000000000000000e+00 0.000000000000000000e+00 0.000000000000000000e+00 0.000000000000000000e+00
1.000000000000000000e+00 0.000000000000000000e+00 0.000000000000000000e+00 0.000000000000000000e+00 0.000000000000000000e+00 0.000000000000000000e+00 0.000000000000000000e+00
1.000000000000000000e+00 0.000000000000000000e+00 0.000000000000000000e+00 0.000000000000000000e+00 0.000000000000000000e+00 0.000000000000000000e+00 0.000000000000000000e+00
1.000000000000000000e+00 0.000000000000000000e+00 0.000000000000000000e+00 0.000000000000000000e+00 0.000000000000000000e+00 0.000000000000000000e+00 0.000000000000000000e+00
1.000000000000000000e+00 0.000000000000000000e+00 0.000000000000000000e+00 0.000000000000000000e+00 0.000000000000000000e+00 0.000000000000000000e+00 0.000000000000000000e+00
1.000000000000000000e+00 0.000000000000000000e+00 0.000000000000000000e+00 0.000000000000000000e+00 0.000000000000000000e+00 0.000000000000000000e+00 0.000000000000000000e+00
1.000000000000000000e+00 0.000000000000000000e+00 0.000000000000000000e+00 0.000000000000000000e+00 0.000000000000000000e+00 0.000000000000000000e+00 0.000000000000000000e+00
1.000000000000000000e+00 0.000000000000000000e+00 0.000000000000000000e+00 0.000000000000000000e+00 0.000000000000000000e+00 0.000000000000000000e+00 0.000000000000000000e+00
1.000000000000000000e+00 0.000000000000000000e+00 0.000000000000000000e+00 0.000000000000000000e+00 0.000000000000000000e+00 0.000000000000000000e+00 0.000000000000000000e+00
1.000000000000000000e+00 0.000000000000000000e+00 0.000000000000000000e+00 0.000000000000000000e+00 0.000000000000000000e+00 0.000000000000000000e+00 0.000000000000000000e+00
1.000000000000000000e+00 0.000000000000000000e+00 0.000000000000000000e+00 0.000000000000000000e+00 0.000000000000000000e+00 0.000000000000000000e+00 0.000000000000000000e+00
9.999980000000000535e-01 1.999999999999999909e-06 0.000000000000000000e+00 0.000000000000000000e+00 0.000000000000000000e+00 0.000000000000000000e+00 0.000000000000000000e+00
1.000000000000000000e+00 0.000000000000000000e+00 0.000000000000000000e+00 0.000000000000000000e+00 0.000000000000000000e+00 0.000000000000000000e+00 0.000000000000000000e+00
9.999970000000000248e-01 3.000000000000000076e-06 0.000000000000000000e+00 0.000000000000000000e+00 0.000000000000000000e+00 0.000000000000000000e+00 0.000000000000000000e+00
9.999989999999999712e-01 9.999999999999999547e-07 0.000000000000000000e+00 0.000000000000000000e+00 0.000000000000000000e+00 0.000000000000000000e+00 0.000000000000000000e+00
9.999970000000000248e-01 3.000000000000000076e-06 0.000000000000000000e+00 0.000000000000000000e+00 0.000000000000000000e+00 0.000000000000000000e+00 0.000000000000000000e+00
9.999970000000000248e-01 1.999999999999999909e-06 9.999999999999999547e-07 0.000000000000000000e+00 0.000000000000000000e+00 0.000000000000000000e+00 0.000000000000000000e+00
9.999949999999999672e-01 3.000000000000000076e-06 1.999999999999999909e-06 0.000000000000000000e+00 0.000000000000000000e+00 0.000000000000000000e+00 0.000000000000000000e+00
9.999900000000000455e-01 6.000000000000000152e-06 3.999999999999999819e-06 0.000000000000000000e+00 0.000000000000000000e+00 0.000000000000000000e+00 0.000000000000000000e+00
9.999879999999999880e-01 9.000000000000000228e-06 3.000000000000000076e-06 0.000000000000000000e+00 0.000000000000000000e+00 0.000000000000000000e+00 0.000000000000000000e+00
9.999879999999999880e-01 6.999999999999999895e-06 5.000000000000000409e-06 0.000000000000000000e+00 0.000000000000000000e+00 0.000000000000000000e+00 0.000000000000000000e+00
9.999909999999999632e-01 3.999999999999999819e-06 5.000000000000000409e-06 0.000000000000000000e+00 0.000000000000000000e+00 0.000000000000000000e+00 0.000000000000000000e+00
9.999740000000000295e-01 1.900000000000000105e-05 5.000000000000000409e-06 1.999999999999999909e-06 0.000000000000000000e+00 0.000000000000000000e+00 0.000000000000000000e+00
9.999540000000000095e-01 2.099999999999999884e-05 2.000000000000000164e-05 5.000000000000000409e-06 0.000000000000000000e+00 0.000000000000000000e+00 0.000000000000000000e+00
9.999529999999999808e-01 2.500000000000000120e-05 1.699999999999999987e-05 5.000000000000000409e-06 0.000000000000000000e+00 0.000000000000000000e+00 0.000000000000000000e+00
9.999419999999999975e-01 3.100000000000000135e-05 2.400000000000000061e-05 3.000000000000000076e-06 0.000000000000000000e+00 0.000000000000000000e+00 0.000000000000000000e+00
9.999289999999999567e-01 4.699999999999999724e-05 2.099999999999999884e-05 3.000000000000000076e-06 0.000000000000000000e+00 0.000000000000000000e+00 0.000000000000000000e+00
9.998970000000000358e-01 6.600000000000000506e-05 3.399999999999999973e-05 3.000000000000000076e-06 0.000000000000000000e+00 0.000000000000000000e+00 0.000000000000000000e+00
9.998700000000000365e-01 7.399999999999999623e-05 5.099999999999999960e-05 5.000000000000000409e-06 0.000000000000000000e+00 0.000000000000000000e+00 0.000000000000000000e+00
9.998700000000000365e-01 7.799999999999999859e-05 4.500000000000000283e-05 6.999999999999999895e-06 0.000000000000000000e+00 0.000000000000000000e+00 0.000000000000000000e+00
9.998270000000000213e-01 9.600000000000000243e-05 5.899999999999999754e-05 1.800000000000000046e-05 0.000000000000000000e+00 0.000000000000000000e+00 0.000000000000000000e+00
9.997759999999999980e-01 1.200000000000000030e-04 8.399999999999999535e-05 2.000000000000000164e-05 0.000000000000000000e+00 0.000000000000000000e+00 0.000000000000000000e+00
9.997530000000000028e-01 1.350000000000000017e-04 9.299999999999999727e-05 1.800000000000000046e-05 0.000000000000000000e+00 9.999999999999999547e-07 0.000000000000000000e+00
9.997019999999999795e-01 1.679999999999999907e-04 1.090000000000000067e-04 2.000000000000000164e-05 0.000000000000000000e+00 9.999999999999999547e-07 0.000000000000000000e+00
9.996779999999999555e-01 1.849999999999999973e-04 1.090000000000000067e-04 2.799999999999999958e-05 0.000000000000000000e+00 0.000000000000000000e+00 0.000000000000000000e+00
9.996380000000000265e-01 2.020000000000000040e-04 1.250000000000000026e-04 3.499999999999999693e-05 0.000000000000000000e+00 0.000000000000000000e+00 0.000000000000000000e+00
9.995929999999999538e-01 2.259999999999999910e-04 1.459999999999999981e-04 3.499999999999999693e-05 0.000000000000000000e+00 0.000000000000000000e+00 0.000000000000000000e+00
9.994619999999999616e-01 2.979999999999999793e-04 1.910000000000000077e-04 4.899999999999999842e-05 0.000000000000000000e+00 0.000000000000000000e+00 0.000000000000000000e+00
9.994410000000000238e-01 3.200000000000000262e-04 1.759999999999999954e-04 6.200000000000000270e-05 0.000000000000000000e+00 0.000000000000000000e+00 9.999999999999999547e-07
9.993269999999999653e-01 3.640000000000000115e-04 2.320000000000000014e-04 7.600000000000000418e-05 0.000000000000000000e+00 9.999999999999999547e-07 0.000000000000000000e+00
9.992250000000000298e-01 4.389999999999999914e-04 2.590000000000000071e-04 7.399999999999999623e-05 0.000000000000000000e+00 3.000000000000000076e-06 0.000000000000000000e+00
9.991919999999999691e-01 4.290000000000000193e-04 2.990000000000000036e-04 7.899999999999999579e-05 0.000000000000000000e+00 9.999999999999999547e-07 0.000000000000000000e+00
9.990790000000000504e-01 4.899999999999999842e-04 3.289999999999999739e-04 1.019999999999999992e-04 0.000000000000000000e+00 0.000000000000000000e+00 0.000000000000000000e+00
9.989339999999999886e-01 5.640000000000000482e-04 3.780000000000000265e-04 1.240000000000000054e-04 0.000000000000000000e+00 0.000000000000000000e+00 0.000000000000000000e+00
9.988700000000000356e-01 5.810000000000000277e-04 4.009999999999999893e-04 1.479999999999999925e-04 0.000000000000000000e+00 0.000000000000000000e+00 0.000000000000000000e+00
9.987160000000000482e-01 6.970000000000000284e-04 4.169999999999999987e-04 1.700000000000000122e-04 0.000000000000000000e+00 0.000000000000000000e+00 0.000000000000000000e+00
9.986190000000000344e-01 7.200000000000000453e-04 4.769999999999999934e-04 1.820000000000000057e-04 0.000000000000000000e+00 1.999999999999999909e-06 0.000000000000000000e+00
9.985020000000000007e-01 7.929999999999999766e-04 5.310000000000000050e-04 1.730000000000000038e-04 0.000000000000000000e+00 0.000000000000000000e+00 9.999999999999999547e-07
9.983670000000000044e-01 8.940000000000000464e-04 5.479999999999999845e-04 1.910000000000000077e-04 0.000000000000000000e+00 0.000000000000000000e+00 0.000000000000000000e+00
9.981830000000000425e-01 9.389999999999999476e-04 6.179999999999999513e-04 2.579999999999999828e-04 0.000000000000000000e+00 1.999999999999999909e-06 0.000000000000000000e+00
9.980090000000000350e-01 1.021999999999999905e-03 6.930000000000000396e-04 2.739999999999999923e-04 0.000000000000000000e+00 1.999999999999999909e-06 0.000000000000000000e+00
9.978110000000000035e-01 1.149999999999999981e-03 7.739999999999999485e-04 2.590000000000000071e-04 0.000000000000000000e+00 6.000000000000000152e-06 0.000000000000000000e+00
9.977279999999999482e-01 1.157999999999999958e-03 8.059999999999999673e-04 2.979999999999999793e-04 0.000000000000000000e+00 9.000000000000000228e-06 9.999999999999999547e-07
9.974709999999999965e-01 1.280000000000000105e-03 8.760000000000000425e-04 3.649999999999999816e-04 0.000000000000000000e+00 7.999999999999999638e-06 0.000000000000000000e+00
9.972529999999999450e-01 1.373000000000000088e-03 9.829999999999999329e-04 3.809999999999999910e-04 0.000000000000000000e+00 9.000000000000000228e-06 9.999999999999999547e-07
9.969959999999999933e-01 1.484000000000000076e-03 1.077999999999999965e-03 4.330000000000000081e-04 0.000000000000000000e+00 6.999999999999999895e-06 1.999999999999999909e-06
9.967979999999999619e-01 1.557000000000000007e-03 1.155999999999999910e-03 4.789999999999999879e-04 0.000000000000000000e+00 7.999999999999999638e-06 1.999999999999999909e-06
9.966120000000000534e-01 1.685000000000000083e-03 1.203999999999999992e-03 4.879999999999999898e-04 0.000000000000000000e+00 1.099999999999999971e-05 0.000000000000000000e+00
9.962689999999999602e-01 1.866999999999999953e-03 1.289999999999999914e-03 5.590000000000000351e-04 0.000000000000000000e+00 1.399999999999999979e-05 9.999999999999999547e-07
9.960809999999999942e-01 1.930000000000000075e-03 1.387999999999999911e-03 5.829999999999999679e-04 0.000000000000000000e+00 1.200000000000000030e-05 6.000000000000000152e-06
9.958289999999999642e-01 2.001999999999999873e-03 1.518999999999999951e-03 6.220000000000000485e-04 0.000000000000000000e+00 2.400000000000000061e-05 3.999999999999999819e-06
9.954699999999999660e-01 2.250999999999999963e-03 1.572999999999999962e-03 6.809999999999999647e-04 0.000000000000000000e+00 2.199999999999999943e-05 3.000000000000000076e-06
9.952039999999999775e-01 2.302999999999999926e-03 1.745999999999999939e-03 7.249999999999999500e-04 0.000000000000000000e+00 1.699999999999999987e-05 5.000000000000000409e-06
9.948770000000000113e-01 2.481000000000000132e-03 1.783000000000000080e-03 8.319999999999999488e-04 0.000000000000000000e+00 2.300000000000000002e-05 3.999999999999999819e-06
9.944880000000000386e-01 2.675999999999999993e-03 1.889000000000000054e-03 8.989999999999999511e-04 0.000000000000000000e+00 3.699999999999999811e-05 1.099999999999999971e-05
9.942959999999999576e-01 2.661999999999999870e-03 2.063999999999999863e-03 9.269999999999999811e-04 0.000000000000000000e+00 4.300000000000000165e-05 7.999999999999999638e-06
9.939740000000000242e-01 2.933999999999999976e-03 2.050999999999999872e-03 9.940000000000000918e-04 0.000000000000000000e+00 3.699999999999999811e-05 1.000000000000000082e-05
9.934319999999999817e-01 3.115000000000000147e-03 2.299999999999999961e-03 1.092000000000000089e-03 9.999999999999999547e-07 4.300000000000000165e-05 1.699999999999999987e-05
9.932569999999999455e-01 3.173000000000000039e-03 2.370999999999999844e-03 1.139999999999999954e-03 0.000000000000000000e+00 5.099999999999999960e-05 7.999999999999999638e-06
9.929689999999999905e-01 3.236999999999999860e-03 2.563000000000000174e-03 1.178000000000000011e-03 9.999999999999999547e-07 4.000000000000000327e-05 1.200000000000000030e-05
9.924760000000000248e-01 3.472999999999999959e-03 2.673000000000000029e-03 1.314000000000000064e-03 9.999999999999999547e-07 5.000000000000000240e-05 1.299999999999999920e-05
9.922130000000000116e-01 3.732000000000000074e-03 2.709000000000000036e-03 1.268000000000000030e-03 1.999999999999999909e-06 5.399999999999999798e-05 2.199999999999999943e-05
9.917099999999999804e-01 3.861999999999999982e-03 2.929000000000000180e-03 1.407999999999999963e-03 1.999999999999999909e-06 7.200000000000000182e-05 1.699999999999999987e-05
9.912900000000000045e-01 4.054999999999999577e-03 3.095000000000000095e-03 1.484000000000000076e-03 9.999999999999999547e-07 6.399999999999999710e-05 1.099999999999999971e-05
9.910309999999999953e-01 4.129999999999999991e-03 3.272000000000000169e-03 1.464999999999999939e-03 3.999999999999999819e-06 8.100000000000000375e-05 1.699999999999999987e-05
9.903790000000000093e-01 4.310999999999999728e-03 3.465000000000000198e-03 1.744000000000000107e-03 0.000000000000000000e+00 8.200000000000000095e-05 1.900000000000000105e-05
9.901680000000000481e-01 4.601000000000000055e-03 3.363000000000000104e-03 1.744000000000000107e-03 3.000000000000000076e-06 9.600000000000000243e-05 2.500000000000000120e-05
9.896890000000000409e-01 4.721000000000000370e-03 3.640000000000000006e-03 1.814000000000000074e-03 3.000000000000000076e-06 1.010000000000000020e-04 3.199999999999999855e-05
9.893739999999999757e-01 4.826999999999999694e-03 3.753999999999999958e-03 1.907000000000000058e-03 9.999999999999999547e-07 1.069999999999999988e-04 3.000000000000000076e-05
9.888240000000000363e-01 5.120000000000000419e-03 3.870000000000000176e-03 2.023000000000000059e-03 3.000000000000000076e-06 1.250000000000000026e-04 3.499999999999999693e-05
9.882130000000000081e-01 5.275000000000000175e-03 4.155999999999999972e-03 2.171000000000000187e-03 3.000000000000000076e-06 1.389999999999999905e-04 4.300000000000000165e-05
9.878609999999999891e-01 5.473999999999999699e-03 4.250000000000000305e-03 2.226000000000000114e-03 3.999999999999999819e-06 1.420000000000000092e-04 4.300000000000000165e-05
9.872499999999999609e-01 5.790000000000000008e-03 4.497000000000000129e-03 2.272999999999999847e-03 9.000000000000000228e-06 1.359999999999999989e-04 4.500000000000000283e-05
9.869940000000000380e-01 5.850000000000000165e-03 4.576000000000000206e-03 2.377999999999999906e-03 3.999999999999999819e-06 1.640000000000000019e-04 3.399999999999999973e-05
9.864789999999999948e-01 6.047000000000000292e-03 4.765000000000000138e-03 2.481000000000000132e-03 5.000000000000000409e-06 1.649999999999999991e-04 5.800000000000000034e-05
9.858590000000000408e-01 6.331999999999999955e-03 4.922000000000000160e-03 2.645000000000000216e-03 3.000000000000000076e-06 1.910000000000000077e-04 4.800000000000000122e-05
9.852250000000000174e-01 6.500999999999999834e-03 5.274000000000000042e-03 2.723000000000000160e-03 6.999999999999999895e-06 2.100000000000000087e-04 6.000000000000000152e-05
9.848409999999999664e-01 6.729999999999999871e-03 5.251999999999999724e-03 2.906000000000000163e-03 3.999999999999999819e-06 2.100000000000000087e-04 5.700000000000000314e-05
9.842070000000000540e-01 6.943999999999999652e-03 5.560999999999999971e-03 2.962999999999999922e-03 7.999999999999999638e-06 2.390000000000000089e-04 7.799999999999999859e-05
9.836399999999999588e-01 7.173999999999999821e-03 5.710999999999999931e-03 3.154999999999999818e-03 1.000000000000000082e-05 2.359999999999999902e-04 7.399999999999999623e-05
9.831309999999999771e-01 7.442999999999999963e-03 5.934000000000000039e-03 3.161999999999999880e-03 9.000000000000000228e-06 2.449999999999999921e-04 7.600000000000000418e-05
9.825469999999999482e-01 7.609999999999999577e-03 6.094999999999999724e-03 3.327999999999999795e-03 1.200000000000000030e-05 3.220000000000000206e-04 8.600000000000000331e-05
9.819539999999999935e-01 7.870999999999999525e-03 6.316999999999999699e-03 3.501000000000000206e-03 1.099999999999999971e-05 2.559999999999999884e-04 9.000000000000000567e-05
9.813560000000000061e-01 8.099999999999999561e-03 6.543000000000000205e-03 3.589999999999999875e-03 1.299999999999999920e-05 2.990000000000000036e-04 9.899999999999999404e-05
9.807139999999999747e-01 8.382000000000000561e-03 6.649000000000000396e-03 3.782000000000000205e-03 1.399999999999999979e-05 3.519999999999999908e-04 1.069999999999999988e-04
9.800579999999999847e-01 8.755000000000000629e-03 6.895000000000000087e-03 3.811999999999999850e-03 1.599999999999999928e-05 3.370000000000000057e-04 1.269999999999999970e-04
9.796540000000000248e-01 8.857000000000000289e-03 6.965999999999999970e-03 4.013000000000000074e-03 1.599999999999999928e-05 3.699999999999999947e-04 1.240000000000000054e-04
9.789120000000000044e-01 9.053000000000000283e-03 7.315999999999999587e-03 4.209000000000000068e-03 1.399999999999999979e-05 3.680000000000000003e-04 1.279999999999999942e-04
9.783479999999999954e-01 9.424999999999999351e-03 7.467999999999999812e-03 4.197000000000000210e-03 2.400000000000000061e-05 4.130000000000000099e-04 1.250000000000000026e-04
9.776500000000000190e-01 9.516000000000000153e-03 7.721000000000000432e-03 4.473999999999999679e-03 3.399999999999999973e-05 4.420000000000000101e-04 1.630000000000000047e-04
9.771339999999999471e-01 9.818999999999999603e-03 7.870000000000000259e-03 4.498000000000000262e-03 3.300000000000000253e-05 4.760000000000000234e-04 1.700000000000000122e-04
9.764540000000000441e-01 1.010800000000000066e-02 8.153000000000000524e-03 4.611999999999999780e-03 2.000000000000000164e-05 4.719999999999999803e-04 1.810000000000000085e-04
9.757949999999999680e-01 1.020199999999999926e-02 8.436000000000000790e-03 4.826000000000000428e-03 3.300000000000000253e-05 5.109999999999999525e-04 1.969999999999999909e-04
9.750649999999999595e-01 1.059500000000000025e-02 8.566999999999999962e-03 5.009000000000000431e-03 3.300000000000000253e-05 5.540000000000000219e-04 1.769999999999999926e-04
9.740689999999999626e-01 1.086900000000000019e-02 8.881999999999999271e-03 5.344999999999999925e-03 3.300000000000000253e-05 5.999999999999999474e-04 2.020000000000000040e-04
9.738890000000000047e-01 1.099400000000000030e-02 8.961000000000000215e-03 5.289000000000000298e-03 5.099999999999999960e-05 6.239999999999999887e-04 1.920000000000000049e-04
9.731260000000000465e-01 1.143699999999999925e-02 9.173999999999999863e-03 5.444000000000000054e-03 3.699999999999999811e-05 5.630000000000000239e-04 2.190000000000000106e-04
9.723570000000000269e-01 1.160100000000000020e-02 9.468000000000000721e-03 5.607000000000000005e-03 5.099999999999999960e-05 6.759999999999999516e-04 2.400000000000000061e-04
9.719999999999999751e-01 1.185499999999999922e-02 9.544999999999999665e-03 5.643999999999999712e-03 5.800000000000000034e-05 6.489999999999999459e-04 2.489999999999999809e-04
9.710490000000000510e-01 1.215300000000000061e-02 9.853999999999999912e-03 5.905999999999999792e-03 4.399999999999999886e-05 7.200000000000000453e-04 2.739999999999999923e-04
9.704469999999999485e-01 1.214299999999999928e-02 1.013299999999999965e-02 6.127999999999999767e-03 6.399999999999999710e-05 8.000000000000000383e-04 2.849999999999999886e-04
9.693749999999999867e-01 1.262600000000000007e-02 1.051000000000000024e-02 6.366000000000000131e-03 6.099999999999999872e-05 7.879999999999999635e-04 2.739999999999999923e-04
9.687940000000000440e-01 1.284300000000000025e-02 1.071300000000000030e-02 6.485999999999999578e-03 4.899999999999999842e-05 7.730000000000000326e-04 3.420000000000000188e-04
9.681720000000000326e-01 1.305300000000000037e-02 1.092199999999999942e-02 6.597999999999999698e-03 6.600000000000000506e-05 8.670000000000000406e-04 3.220000000000000206e-04
9.673990000000000089e-01 1.351300000000000071e-02 1.091999999999999915e-02 6.928000000000000130e-03 7.200000000000000182e-05 8.639999999999999677e-04 3.040000000000000167e-04
9.663500000000000423e-01 1.379000000000000017e-02 1.147600000000000009e-02 6.968000000000000235e-03 7.399999999999999623e-05 9.659999999999999533e-04 3.759999999999999779e-04
9.658090000000000286e-01 1.386599999999999985e-02 1.167400000000000035e-02 7.237000000000000377e-03 7.499999999999999343e-05 9.399999999999999719e-04 3.989999999999999949e-04
9.651129999999999987e-01 1.409099999999999936e-02 1.199599999999999972e-02 7.288000000000000207e-03 9.000000000000000567e-05 1.028999999999999967e-03 3.930000000000000117e-04
9.642859999999999765e-01 1.449199999999999967e-02 1.217700000000000032e-02 7.427999999999999707e-03 9.600000000000000243e-05 1.098000000000000018e-03 4.229999999999999819e-04
9.640760000000000440e-01 1.464299999999999977e-02 1.206800000000000060e-02 7.640000000000000090e-03 8.700000000000000051e-05 1.110000000000000092e-03 3.759999999999999779e-04
9.629990000000000494e-01 1.498999999999999985e-02 1.251599999999999935e-02 7.830999999999999420e-03 9.500000000000000523e-05 1.092000000000000089e-03 4.769999999999999934e-04
9.622560000000000002e-01 1.534100000000000047e-02 1.266399999999999991e-02 7.972999999999999185e-03 1.060000000000000016e-04 1.191000000000000001e-03 4.690000000000000158e-04
9.611910000000000176e-01 1.573199999999999946e-02 1.302299999999999985e-02 8.186000000000000568e-03 1.100000000000000039e-04 1.260999999999999968e-03 4.970000000000000459e-04
9.604629999999999557e-01 1.595799999999999996e-02 1.324700000000000009e-02 8.389000000000000623e-03 9.799999999999999684e-05 1.330000000000000019e-03 5.150000000000000498e-04
9.597529999999999673e-01 1.598600000000000021e-02 1.359100000000000065e-02 8.628999999999999518e-03 1.410000000000000120e-04 1.330000000000000019e-03 5.699999999999999772e-04
9.591049999999999853e-01 1.632899999999999976e-02 1.390300000000000043e-02 8.647000000000000172e-03 1.310000000000000129e-04 1.324000000000000090e-03 5.609999999999999752e-04
9.580049999999999955e-01 1.668199999999999891e-02 1.413099999999999946e-02 9.044999999999999221e-03 1.150000000000000035e-04 1.384999999999999946e-03 6.369999999999999794e-04
9.575169999999999515e-01 1.667199999999999932e-02 1.443200000000000038e-02 9.128999999999999962e-03 1.479999999999999925e-04 1.472999999999999917e-03 6.290000000000000018e-04
9.566989999999999661e-01 1.720899999999999860e-02 1.444299999999999924e-02 9.343999999999999875e-03 1.589999999999999888e-04 1.503999999999999912e-03 6.419999999999999925e-04
9.560039999999999649e-01 1.741300000000000139e-02 1.467000000000000075e-02 9.537999999999999604e-03 1.579999999999999916e-04 1.536999999999999955e-03 6.800000000000000488e-04
9.548299999999999566e-01 1.785600000000000034e-02 1.510099999999999984e-02 9.742000000000000659e-03 1.630000000000000047e-04 1.611000000000000019e-03 6.970000000000000284e-04
9.541340000000000376e-01 1.802600000000000036e-02 1.532000000000000028e-02 9.985000000000000819e-03 1.849999999999999973e-04 1.667999999999999995e-03 6.819999999999999890e-04
9.535869999999999624e-01 1.822800000000000115e-02 1.546499999999999958e-02 1.002100000000000039e-02 1.800000000000000113e-04 1.761999999999999894e-03 7.569999999999999689e-04
9.526170000000000471e-01 1.867100000000000010e-02 1.567699999999999996e-02 1.032899999999999964e-02 2.090000000000000115e-04 1.739000000000000094e-03 7.579999999999999932e-04
9.518330000000000402e-01 1.878499999999999961e-02 1.596600000000000102e-02 1.049899999999999965e-02 2.030000000000000012e-04 1.899000000000000080e-03 8.149999999999999693e-04
9.507179999999999520e-01 1.919900000000000079e-02 1.650400000000000131e-02 1.065299999999999928e-02 2.069999999999999900e-04 1.917000000000000084e-03 8.019999999999999785e-04
9.502110000000000278e-01 1.942299999999999929e-02 1.649600000000000025e-02 1.082900000000000008e-02 2.280000000000000126e-04 1.951000000000000043e-03 8.620000000000000275e-04
9.496149999999999869e-01 1.971399999999999889e-02 1.654900000000000121e-02 1.096399999999999979e-02 2.310000000000000042e-04 1.994000000000000113e-03 9.330000000000000186e-04
9.483620000000000383e-01 1.999099999999999835e-02 1.714399999999999952e-02 1.140399999999999921e-02 2.200000000000000078e-04 2.007000000000000103e-03 8.720000000000000537e-04
9.473770000000000246e-01 2.037100000000000022e-02 1.739500000000000074e-02 1.155499999999999930e-02 2.469999999999999865e-04 2.109999999999999896e-03 9.449999999999999850e-04
9.467459999999999765e-01 2.071999999999999884e-02 1.762400000000000078e-02 1.155699999999999956e-02 2.310000000000000042e-04 2.181999999999999912e-03 9.399999999999999719e-04
9.458729999999999638e-01 2.092099999999999863e-02 1.791399999999999937e-02 1.171699999999999998e-02 2.840000000000000185e-04 2.325999999999999943e-03 9.650000000000000374e-04
9.449400000000000022e-01 2.100799999999999890e-02 1.831699999999999995e-02 1.208799999999999979e-02 2.939999999999999905e-04 2.315999999999999916e-03 1.036999999999999944e-03
9.440720000000000223e-01 2.131500000000000061e-02 1.847400000000000084e-02 1.240199999999999983e-02 3.299999999999999982e-04 2.341999999999999898e-03 1.064999999999999974e-03
9.434949999999999726e-01 2.163899999999999851e-02 1.864199999999999885e-02 1.237800000000000011e-02 3.130000000000000187e-04 2.406999999999999851e-03 1.126000000000000048e-03
9.425580000000000069e-01 2.188599999999999920e-02 1.881100000000000133e-02 1.268799999999999963e-02 3.469999999999999777e-04 2.513000000000000043e-03 1.196999999999999930e-03
9.417290000000000383e-01 2.185700000000000143e-02 1.935500000000000068e-02 1.292300000000000046e-02 3.449999999999999833e-04 2.635000000000000189e-03 1.155999999999999910e-03
9.408889999999999754e-01 2.231500000000000150e-02 1.940499999999999864e-02 1.320299999999999946e-02 3.539999999999999853e-04 2.606999999999999942e-03 1.227000000000000009e-03
9.399189999999999490e-01 2.277600000000000111e-02 1.957499999999999865e-02 1.339500000000000066e-02 3.299999999999999982e-04 2.759000000000000168e-03 1.245999999999999929e-03
9.392960000000000198e-01 2.307800000000000129e-02 1.975299999999999973e-02 1.348599999999999972e-02 3.930000000000000117e-04 2.677000000000000126e-03 1.317000000000000028e-03
9.382899999999999574e-01 2.342800000000000091e-02 1.987500000000000031e-02 1.380600000000000056e-02 4.139999999999999800e-04 2.873000000000000120e-03 1.314000000000000064e-03
9.368699999999999806e-01 2.384400000000000061e-02 2.058300000000000060e-02 1.397699999999999984e-02 4.169999999999999987e-04 2.896999999999999836e-03 1.412000000000000061e-03
9.360770000000000479e-01 2.416400000000000145e-02 2.079900000000000151e-02 1.415899999999999971e-02 4.260000000000000006e-04 2.981000000000000143e-03 1.394000000000000057e-03
9.352019999999999778e-01 2.432499999999999940e-02 2.121100000000000069e-02 1.436800000000000056e-02 4.150000000000000043e-04 3.017999999999999849e-03 1.461000000000000059e-03
9.343599999999999683e-01 2.459199999999999928e-02 2.140200000000000088e-02 1.443999999999999971e-02 4.970000000000000459e-04 3.181999999999999933e-03 1.526999999999999929e-03
9.337499999999999689e-01 2.463999999999999871e-02 2.161700000000000080e-02 1.472900000000000077e-02 4.330000000000000081e-04 3.237999999999999993e-03 1.593000000000000015e-03
9.326330000000000453e-01 2.506299999999999847e-02 2.184200000000000030e-02 1.504899999999999988e-02 5.039999999999999992e-04 3.263999999999999974e-03 1.644999999999999978e-03
9.319159999999999666e-01 2.538400000000000031e-02 2.191200000000000092e-02 1.530699999999999943e-02 5.050000000000000235e-04 3.310000000000000008e-03 1.665999999999999946e-03
9.311220000000000052e-01 2.565100000000000019e-02 2.235600000000000087e-02 1.527700000000000065e-02 5.060000000000000478e-04 3.315999999999999937e-03 1.771999999999999921e-03
9.301730000000000276e-01 2.575600000000000112e-02 2.239599999999999924e-02 1.571600000000000080e-02 5.999999999999999474e-04 3.592000000000000141e-03 1.766999999999999908e-03
9.291260000000000074e-01 2.622999999999999984e-02 2.294900000000000065e-02 1.579900000000000054e-02 5.670000000000000127e-04 3.559000000000000098e-03 1.770000000000000089e-03
9.284409999999999608e-01 2.640500000000000139e-02 2.315899999999999903e-02 1.592999999999999972e-02 5.739999999999999660e-04 3.621999999999999786e-03 1.869000000000000002e-03
9.268579999999999597e-01 2.681800000000000156e-02 2.355600000000000055e-02 1.650799999999999837e-02 5.969999999999999829e-04 3.844999999999999894e-03 1.817999999999999955e-03
9.260490000000000110e-01 2.709999999999999909e-02 2.391799999999999829e-02 1.658700000000000105e-02 5.869999999999999567e-04 3.848999999999999991e-03 1.910000000000000022e-03
9.255109999999999726e-01 2.729099999999999929e-02 2.391400000000000123e-02 1.677500000000000172e-02 6.229999999999999644e-04 3.987000000000000093e-03 1.899000000000000080e-03
9.247710000000000097e-01 2.755499999999999963e-02 2.408700000000000077e-02 1.709499999999999909e-02 6.459999999999999814e-04 3.876999999999999804e-03 1.968999999999999830e-03
9.235790000000000388e-01 2.779399999999999926e-02 2.450400000000000147e-02 1.728700000000000028e-02 6.679999999999999740e-04 4.034000000000000259e-03 2.134000000000000046e-03
9.227199999999999847e-01 2.821999999999999856e-02 2.475400000000000170e-02 1.725399999999999850e-02 6.920000000000000153e-04 4.249000000000000173e-03 2.111000000000000029e-03
9.221190000000000220e-01 2.817199999999999913e-02 2.480200000000000113e-02 1.773399999999999976e-02 6.949999999999999798e-04 4.355000000000000364e-03 2.122999999999999887e-03
9.207910000000000261e-01 2.850199999999999956e-02 2.551499999999999949e-02 1.791600000000000137e-02 7.529999999999999801e-04 4.285999999999999879e-03 2.236999999999999839e-03
9.199500000000000455e-01 2.919599999999999973e-02 2.548200000000000118e-02 1.787700000000000053e-02 8.120000000000000048e-04 4.394000000000000336e-03 2.288999999999999802e-03
9.187980000000000036e-01 2.936300000000000021e-02 2.577799999999999883e-02 1.836700000000000138e-02 8.329999999999999731e-04 4.472000000000000280e-03 2.389000000000000064e-03
9.183599999999999541e-01 2.948800000000000032e-02 2.595099999999999837e-02 1.851200000000000068e-02 7.910000000000000364e-04 4.498000000000000262e-03 2.399999999999999790e-03
9.174689999999999790e-01 2.962599999999999956e-02 2.636799999999999908e-02 1.858100000000000029e-02 8.580000000000000387e-04 4.632999999999999965e-03 2.465000000000000177e-03
9.164050000000000251e-01 3.015400000000000025e-02 2.678000000000000172e-02 1.875500000000000084e-02 8.700000000000000051e-04 4.621000000000000107e-03 2.415000000000000046e-03
9.156849999999999712e-01 3.024100000000000052e-02 2.665199999999999861e-02 1.927600000000000147e-02 8.300000000000000086e-04 4.844000000000000215e-03 2.471999999999999805e-03
9.147710000000000008e-01 3.050900000000000140e-02 2.693200000000000108e-02 1.949100000000000138e-02 9.219999999999999680e-04 4.908000000000000036e-03 2.467000000000000009e-03
9.130909999999999860e-01 3.107800000000000146e-02 2.759700000000000000e-02 1.966999999999999998e-02 8.890000000000000333e-04 5.047000000000000271e-03 2.628000000000000128e-03
9.125950000000000450e-01 3.097000000000000100e-02 2.759400000000000047e-02 1.991700000000000068e-02 9.890000000000000787e-04 5.190000000000000169e-03 2.745000000000000044e-03
9.118330000000000046e-01 3.154799999999999965e-02 2.758299999999999988e-02 2.009400000000000075e-02 9.770000000000000039e-04 5.205000000000000425e-03 2.759999999999999867e-03
9.105379999999999585e-01 3.190799999999999886e-02 2.817100000000000160e-02 2.024799999999999864e-02 1.061000000000000094e-03 5.232999999999999804e-03 2.841000000000000209e-03
9.102249999999999508e-01 3.199500000000000260e-02 2.835100000000000120e-02 2.020200000000000121e-02 1.002999999999999985e-03 5.379000000000000101e-03 2.844999999999999873e-03
9.095259999999999456e-01 3.227300000000000307e-02 2.829399999999999971e-02 2.047099999999999961e-02 1.018999999999999941e-03 5.499000000000000415e-03 2.918000000000000021e-03
9.074719999999999454e-01 3.284299999999999720e-02 2.903199999999999878e-02 2.095199999999999840e-02 1.110000000000000092e-03 5.525000000000000397e-03 3.066000000000000149e-03
9.070470000000000477e-01 3.259299999999999697e-02 2.912000000000000005e-02 2.128999999999999990e-02 1.090999999999999956e-03 5.778000000000000150e-03 3.080999999999999971e-03
9.062080000000000135e-01 3.322699999999999959e-02 2.935799999999999868e-02 2.114500000000000060e-02 1.100000000000000066e-03 5.806999999999999662e-03 3.154999999999999818e-03
9.053609999999999713e-01 3.315099999999999991e-02 2.946400000000000061e-02 2.188100000000000114e-02 1.193000000000000050e-03 5.788999999999999875e-03 3.161000000000000181e-03
9.039260000000000073e-01 3.404100000000000181e-02 2.982100000000000029e-02 2.168799999999999895e-02 1.206000000000000041e-03 6.080999999999999600e-03 3.236999999999999860e-03
9.037650000000000405e-01 3.337699999999999695e-02 2.990100000000000049e-02 2.213899999999999896e-02 1.286000000000000034e-03 6.206999999999999844e-03 3.324999999999999831e-03
9.019869999999999832e-01 3.437199999999999978e-02 3.046400000000000149e-02 2.236899999999999999e-02 1.219000000000000031e-03 6.185000000000000393e-03 3.403999999999999908e-03
9.020270000000000232e-01 3.432899999999999840e-02 3.016999999999999890e-02 2.247199999999999892e-02 1.301999999999999989e-03 6.276999999999999594e-03 3.422999999999999828e-03
9.005670000000000064e-01 3.462300000000000100e-02 3.097400000000000153e-02 2.257199999999999832e-02 1.356999999999999916e-03 6.413000000000000297e-03 3.494000000000000144e-03
8.989279999999999493e-01 3.506999999999999701e-02 3.115800000000000167e-02 2.306899999999999923e-02 1.340999999999999961e-03 6.735999999999999800e-03 3.697999999999999898e-03
8.988070000000000226e-01 3.527700000000000280e-02 3.122199999999999975e-02 2.311200000000000060e-02 1.366999999999999943e-03 6.612999999999999955e-03 3.602000000000000167e-03
8.972740000000000160e-01 3.577000000000000318e-02 3.170599999999999807e-02 2.340899999999999925e-02 1.500999999999999947e-03 6.642999999999999600e-03 3.697000000000000199e-03
8.963140000000000551e-01 3.592200000000000254e-02 3.207499999999999934e-02 2.363600000000000076e-02 1.482000000000000027e-03 6.857000000000000248e-03 3.713999999999999854e-03
8.956859999999999822e-01 3.632599999999999718e-02 3.191800000000000193e-02 2.374499999999999875e-02 1.458000000000000095e-03 7.034999999999999587e-03 3.831999999999999903e-03
8.950240000000000418e-01 3.623200000000000032e-02 3.216000000000000109e-02 2.404500000000000040e-02 1.567999999999999949e-03 7.113999999999999664e-03 3.857000000000000185e-03
8.930550000000000432e-01 3.663299999999999890e-02 3.318600000000000022e-02 2.423399999999999860e-02 1.577000000000000060e-03 7.232999999999999846e-03 4.081999999999999691e-03
8.925629999999999953e-01 3.689200000000000118e-02 3.320800000000000141e-02 2.444699999999999998e-02 1.554999999999999959e-03 7.131000000000000186e-03 4.204000000000000271e-03
8.924180000000000446e-01 3.679999999999999938e-02 3.301899999999999974e-02 2.476099999999999829e-02 1.521000000000000000e-03 7.333000000000000108e-03 4.147999999999999778e-03
8.908549999999999525e-01 3.763400000000000079e-02 3.319400000000000128e-02 2.484300000000000050e-02 1.732000000000000033e-03 7.477000000000000139e-03 4.264999999999999694e-03
8.895560000000000134e-01 3.772699999999999665e-02 3.396199999999999913e-02 2.518499999999999905e-02 1.765999999999999992e-03 7.428999999999999840e-03 4.375000000000000416e-03
8.889610000000000012e-01 3.778900000000000314e-02 3.402100000000000263e-02 2.524500000000000008e-02 1.753999999999999917e-03 7.771000000000000130e-03 4.459000000000000290e-03
8.881430000000000158e-01 3.821200000000000291e-02 3.425000000000000266e-02 2.533499999999999988e-02 1.797999999999999902e-03 7.825000000000000358e-03 4.436999999999999972e-03
8.872780000000000111e-01 3.826199999999999740e-02 3.435900000000000065e-02 2.573100000000000040e-02 1.809000000000000061e-03 7.919999999999999957e-03 4.641000000000000160e-03
8.867310000000000469e-01 3.839599999999999957e-02 3.440200000000000202e-02 2.608999999999999861e-02 1.810999999999999893e-03 7.979999999999999247e-03 4.590000000000000330e-03
8.858120000000000438e-01 3.836699999999999833e-02 3.493199999999999777e-02 2.641699999999999951e-02 1.876999999999999979e-03 7.978999999999999981e-03 4.616000000000000311e-03
8.841890000000000027e-01 3.925499999999999823e-02 3.519900000000000112e-02 2.647400000000000100e-02 1.864999999999999904e-03 8.144999999999999463e-03 4.872999999999999728e-03
8.831620000000000026e-01 3.955100000000000282e-02 3.526499999999999774e-02 2.662199999999999983e-02 1.941000000000000017e-03 8.574999999999999289e-03 4.884000000000000320e-03
8.827460000000000306e-01 3.976799999999999780e-02 3.556299999999999739e-02 2.665800000000000114e-02 1.928999999999999942e-03 8.467999999999999833e-03 4.867999999999999931e-03
8.814260000000000428e-01 4.036300000000000304e-02 3.574900000000000300e-02 2.707299999999999984e-02 2.011000000000000201e-03 8.488000000000000753e-03 4.890000000000000249e-03
8.803260000000000529e-01 4.048000000000000209e-02 3.610599999999999921e-02 2.724400000000000086e-02 2.024000000000000191e-03 8.781000000000000610e-03 5.039000000000000076e-03
8.795619999999999550e-01 4.052499999999999852e-02 3.633200000000000318e-02 2.750000000000000014e-02 2.164999999999999824e-03 8.826999999999999777e-03 5.088999999999999774e-03
8.784260000000000401e-01 4.087400000000000061e-02 3.644300000000000317e-02 2.784800000000000123e-02 2.173000000000000018e-03 9.013000000000000178e-03 5.223000000000000212e-03
